Depth  Name           #Inst  Area (um^2)
----------------------------------------
0      ripple16bit    16     314.8704   
1      A3             4      78.7176    
1      A4             4      78.7176    
1      A1             4      78.7176    
1      A2             4      78.7176    
2      A4/A2          1      19.6794    
2      A1/A2          1      19.6794    
2      A3/A1          1      19.6794    
2      A2/A2          1      19.6794    
2      A4/A4          1      19.6794    
2      A3/A3          1      19.6794    
2      A1/A4          1      19.6794    
2      A4/A1          1      19.6794    
2      A1/A1          1      19.6794    
2      A2/A1          1      19.6794    
2      A4/A3          1      19.6794    
2      A1/A3          1      19.6794    
2      A3/A2          1      19.6794    
2      A2/A3          1      19.6794    
2      A2/A4          1      19.6794    
2      A3/A4          1      19.6794    
